Current memory usage:
Pool	 Obj Size	Chunks							Allocated					In Use					Idle			Allocations Saved			Rate	
 	 (bytes)	KB/ch	 obj/ch	(#)	 used	 free	 part	 %Frag	 (#)	 (KB)	 high (KB)	 high (hrs)	 %Tot	(#)	 (KB)	 high (KB)	 high (hrs)	 %alloc	(#)	 (KB)	 high (KB)	(#)	 %cnt	 %vol	(#)/sec	
mem_node            	 4136	 	 	 	 	 	 	 	 71340	 288147	 288147	 0.03	 74.594	 71323	 288079	 288147	 0.03	 99.976	 17	 69	 1721	 309801	 1.573	 22.017	 3.853
StoreEntry          	  104	 	 	 	 	 	 	 	 326878	 33199	 33199	 0.00	 8.594	 326878	 33199	 33199	 0.00	 100.000	 0	 0	 13	 36512	 0.185	 0.065	 0.507
Short Strings       	   40	 	 	 	 	 	 	 	 554511	 21661	 21661	 0.00	 5.607	 554511	 21661	 21661	 0.00	 100.000	 0	 0	 80	 8184851	 41.562	 5.625	 78.492
HttpHeaderEntry     	   56	 	 	 	 	 	 	 	 257314	 14072	 14072	 0.00	 3.643	 257314	 14072	 14072	 0.00	 100.000	 0	 0	 48	 2280215	 11.579	 2.194	 22.882
HttpReply           	  280	 	 	 	 	 	 	 	 25315	 6923	 6923	 0.00	 1.792	 25315	 6923	 6923	 0.00	 100.000	 0	 0	 18	 152929	 0.777	 0.736	 1.633
MemObject           	  240	 	 	 	 	 	 	 	 25314	 5933	 5933	 0.00	 1.536	 25314	 5933	 5933	 0.00	 100.000	 0	 0	 8	 36273	 0.184	 0.150	 0.560
MD5 digest          	   16	 	 	 	 	 	 	 	 326878	 5108	 5108	 0.00	 1.322	 326878	 5108	 5108	 0.00	 100.000	 0	 0	 2	 61500	 0.312	 0.017	 0.732
cbdata MemBuf (9)   	   64	 	 	 	 	 	 	 	 25343	 1584	 1584	 0.00	 0.410	 25342	 1584	 1584	 0.00	 99.996	 1	 1	 5	 274112	 1.392	 0.301	 2.753
HttpHdrCc           	   96	 	 	 	 	 	 	 	 15945	 1495	 1495	 0.00	 0.387	 15944	 1495	 1495	 0.00	 99.994	 1	 1	 5	 128911	 0.655	 0.213	 1.335
Medium Strings      	  128	 	 	 	 	 	 	 	 10717	 1340	 1340	 0.35	 0.347	 10646	 1331	 1340	 0.35	 99.338	 71	 9	 22	 522464	 2.653	 1.149	 4.846
4K Buffer           	 4096	 	 	 	 	 	 	 	 272	 1088	 1088	 4.62	 0.282	 66	 264	 1088	 4.62	 24.265	 206	 824	 928	 47084	 0.239	 3.314	 0.388
cbdata IdleConnList (30)	 4160	 	 	 	 	 	 	 	 190	 772	 772	 3.07	 0.200	 2	 9	 772	 3.07	 1.053	 188	 764	 772	 29152	 0.148	 2.084	 0.284
16K Buffer          	 16384	 	 	 	 	 	 	 	 44	 704	 704	 3.04	 0.182	 0	 0	 704	 3.04	 0.000	 44	 704	 704	 52933	 0.269	 14.902	 0.492
cbdata clientReplyContext (18)	 4320	 	 	 	 	 	 	 	 145	 612	 612	 23.67	 0.158	 36	 152	 612	 23.67	 24.828	 109	 460	 612	 78438	 0.398	 5.822	 0.687
cbdata ClientSocketContext (17)	 4256	 	 	 	 	 	 	 	 145	 603	 603	 23.67	 0.156	 36	 150	 603	 23.67	 24.828	 109	 454	 603	 78438	 0.398	 5.736	 0.687
LRU policy node     	   24	 	 	 	 	 	 	 	 25261	 593	 593	 0.00	 0.153	 25261	 593	 593	 0.00	 100.000	 0	 0	 1	 2656	 0.013	 0.001	 0.243
Long Strings        	  512	 	 	 	 	 	 	 	 538	 269	 269	 0.34	 0.070	 520	 260	 269	 0.34	 96.654	 18	 9	 22	 72155	 0.366	 0.635	 0.615
8K Buffer           	 8192	 	 	 	 	 	 	 	 33	 264	 264	 3.05	 0.068	 1	 8	 264	 3.05	 3.030	 32	 256	 256	 8168	 0.041	 1.150	 0.067
64K Buffer          	 65536	 	 	 	 	 	 	 	 4	 256	 256	 24.78	 0.066	 0	 0	 256	 24.78	 0.000	 4	 256	 256	 69	 0.000	 0.078	 0.001
HttpRequest         	 1744	 	 	 	 	 	 	 	 145	 247	 247	 23.67	 0.064	 36	 62	 247	 23.67	 24.828	 109	 186	 247	 78515	 0.399	 2.353	 0.687
Comm::Connection    	  192	 	 	 	 	 	 	 	 1297	 244	 244	 23.67	 0.063	 423	 80	 244	 23.67	 32.614	 874	 164	 215	 382259	 1.941	 1.261	 3.232
16KB Strings        	 16384	 	 	 	 	 	 	 	 14	 224	 224	 3.08	 0.058	 0	 0	 224	 3.08	 0.000	 14	 224	 224	 3142	 0.016	 0.885	 0.034
4KB Strings         	 4096	 	 	 	 	 	 	 	 50	 200	 200	 1.48	 0.052	 36	 144	 200	 1.48	 72.000	 14	 56	 112	 27853	 0.141	 1.960	 0.250
32K Buffer          	 32768	 	 	 	 	 	 	 	 4	 128	 128	 3.07	 0.033	 0	 0	 128	 3.07	 0.000	 4	 128	 128	 115	 0.001	 0.065	 0.001
ipcache_entry       	  128	 	 	 	 	 	 	 	 997	 125	 125	 1.11	 0.032	 920	 115	 125	 1.11	 92.277	 77	 10	 10	 8300	 0.042	 0.018	 0.090
cbdata ConnStateData (15)	  440	 	 	 	 	 	 	 	 246	 106	 106	 4.62	 0.027	 39	 17	 106	 4.62	 15.854	 207	 89	 100	 36245	 0.184	 0.274	 0.297
2K Buffer           	 2048	 	 	 	 	 	 	 	 33	 66	 66	 22.55	 0.017	 5	 10	 66	 22.55	 15.152	 28	 56	 58	 348209	 1.768	 12.253	 3.167
cbdata ClientHttpRequest (16)	  312	 	 	 	 	 	 	 	 145	 45	 45	 23.67	 0.011	 36	 11	 45	 23.67	 24.828	 109	 34	 45	 78438	 0.398	 0.421	 0.687
1KB Strings         	 1024	 	 	 	 	 	 	 	 42	 42	 42	 0.89	 0.011	 15	 15	 42	 0.89	 35.714	 27	 27	 33	 20005	 0.102	 0.352	 0.159
cbdata clientStreamNode (19)	  128	 	 	 	 	 	 	 	 290	 37	 37	 23.67	 0.009	 72	 9	 37	 23.67	 24.828	 218	 28	 37	 156876	 0.797	 0.345	 1.373
cbdata TunnelStateData (27)	  224	 	 	 	 	 	 	 	 144	 32	 32	 23.67	 0.008	 35	 8	 32	 23.67	 24.306	 109	 24	 32	 18048	 0.092	 0.069	 0.135
squidaio_small_bufs 	 4096	 	 	 	 	 	 	 	 5	 20	 20	 20.41	 0.005	 0	 0	 20	 20.41	 0.000	 5	 20	 20	 9163	 0.047	 0.645	 0.088
MimeEntry           	   96	 	 	 	 	 	 	 	 177	 17	 17	 25.01	 0.004	 177	 17	 17	 25.01	 100.000	 0	 0	 0	 0	 0.000	 0.000	 0.000
UFSStoreState::_queued_write	   32	 	 	 	 	 	 	 	 427	 14	 14	 4.83	 0.003	 0	 0	 14	 4.83	 0.000	 427	 14	 14	 291989	 1.483	 0.161	 2.971
ClientInfo          	  432	 	 	 	 	 	 	 	 30	 13	 13	 5.27	 0.003	 30	 13	 13	 5.27	 100.000	 0	 0	 0	 0	 0.000	 0.000	 0.000
cbdata HttpStateData (28)	  256	 	 	 	 	 	 	 	 41	 11	 11	 3.04	 0.003	 0	 0	 11	 3.04	 0.000	 41	 11	 11	 51685	 0.262	 0.227	 0.479
cbdata store_client (22)	  160	 	 	 	 	 	 	 	 63	 10	 10	 4.00	 0.003	 1	 1	 10	 4.00	 1.587	 62	 10	 10	 69898	 0.355	 0.192	 0.634
cbdata UFSStoreState (31)	  176	 	 	 	 	 	 	 	 53	 10	 10	 4.00	 0.002	 0	 0	 10	 4.00	 0.000	 53	 10	 10	 29112	 0.148	 0.088	 0.255
cbdata FwdState (23)	  168	 	 	 	 	 	 	 	 53	 9	 9	 3.08	 0.002	 0	 0	 9	 3.08	 0.000	 53	 9	 9	 51969	 0.264	 0.150	 0.482
link_list           	   16	 	 	 	 	 	 	 	 427	 7	 7	 4.83	 0.002	 0	 0	 7	 4.83	 0.000	 427	 7	 7	 292152	 1.484	 0.080	 2.972
cbdata ps_state (24)	  248	 	 	 	 	 	 	 	 27	 7	 7	 1.81	 0.002	 0	 0	 7	 1.81	 0.000	 27	 7	 7	 70187	 0.356	 0.299	 0.617
cbdata helper_server (8)	  240	 	 	 	 	 	 	 	 27	 7	 7	 1.81	 0.002	 27	 7	 7	 1.81	 100.000	 0	 0	 0	 0	 0.000	 0.000	 0.000
cbdata WriteRequest (33)	   80	 	 	 	 	 	 	 	 72	 6	 6	 3.15	 0.001	 0	 0	 6	 3.15	 0.000	 72	 6	 6	 292344	 1.484	 0.402	 2.971
cbdata DiskdFile (32)	  104	 	 	 	 	 	 	 	 52	 6	 6	 4.00	 0.001	 0	 0	 6	 4.00	 0.000	 52	 6	 6	 28466	 0.145	 0.051	 0.249
cbdata ConnOpener (26)	  136	 	 	 	 	 	 	 	 39	 6	 6	 4.85	 0.001	 0	 0	 6	 4.85	 0.000	 39	 6	 6	 41173	 0.209	 0.096	 0.349
Acl::AndNode        	  152	 	 	 	 	 	 	 	 24	 4	 4	 25.01	 0.001	 24	 4	 4	 25.01	 100.000	 0	 0	 0	 0	 0.000	 0.000	 0.000
squidaio_micro_bufs 	  128	 	 	 	 	 	 	 	 20	 3	 3	 16.57	 0.001	 0	 0	 3	 16.57	 0.000	 20	 3	 3	 1291	 0.007	 0.003	 0.013
cbdata CbDataList (29)	   96	 	 	 	 	 	 	 	 25	 3	 3	 3.15	 0.001	 0	 0	 3	 3.15	 0.000	 25	 3	 3	 1157651	 5.878	 1.910	 15.290
cbdata ReadRequest (36)	   72	 	 	 	 	 	 	 	 32	 3	 3	 4.00	 0.001	 0	 0	 3	 4.00	 0.000	 32	 3	 3	 25308	 0.129	 0.031	 0.224
aio_ctrl            	  112	 	 	 	 	 	 	 	 20	 3	 3	 16.57	 0.001	 0	 0	 3	 16.57	 0.000	 20	 3	 3	 10459	 0.053	 0.020	 0.101
cbdata Logfile (11) 	 1120	 	 	 	 	 	 	 	 2	 3	 3	 25.01	 0.001	 2	 3	 3	 25.01	 100.000	 0	 0	 0	 0	 0.000	 0.000	 0.000
aio_request         	  104	 	 	 	 	 	 	 	 20	 3	 3	 16.57	 0.001	 0	 0	 3	 16.57	 0.000	 20	 3	 3	 10459	 0.053	 0.019	 0.101
cbdata Tree (4)     	  208	 	 	 	 	 	 	 	 9	 2	 2	 25.01	 0.000	 9	 2	 2	 25.01	 100.000	 0	 0	 0	 0	 0.000	 0.000	 0.000
acl_ip_data         	   96	 	 	 	 	 	 	 	 15	 2	 2	 25.01	 0.000	 15	 2	 2	 25.01	 100.000	 0	 0	 1	 8	 0.000	 0.000	 0.000
cbdata RebuildState (12)	  688	 	 	 	 	 	 	 	 2	 2	 2	 25.01	 0.000	 0	 0	 2	 25.01	 0.000	 2	 2	 2	 0	 0.000	 0.000	 0.000
cbdata DiskThreadsDiskFile (37)	   88	 	 	 	 	 	 	 	 15	 2	 2	 4.31	 0.000	 0	 0	 2	 4.31	 0.000	 15	 2	 2	 581	 0.003	 0.001	 0.006
aio_thread          	   40	 	 	 	 	 	 	 	 32	 2	 2	 24.98	 0.000	 32	 2	 2	 24.98	 100.000	 0	 0	 0	 0	 0.000	 0.000	 0.000
ev_entry            	   48	 	 	 	 	 	 	 	 26	 2	 2	 1.79	 0.000	 13	 1	 2	 1.79	 50.000	 13	 1	 1	 396774	 2.015	 0.327	 4.396
wordlist            	   16	 	 	 	 	 	 	 	 73	 2	 2	 20.98	 0.000	 14	 1	 2	 20.98	 19.178	 59	 1	 1	 184	 0.001	 0.000	 0.002
helper_request      	   40	 	 	 	 	 	 	 	 27	 2	 2	 1.81	 0.000	 0	 0	 2	 1.81	 0.000	 27	 2	 2	 9263	 0.047	 0.006	 0.090
cbdata generic_cbdata (25)	   32	 	 	 	 	 	 	 	 31	 1	 1	 22.55	 0.000	 0	 0	 1	 22.55	 0.000	 31	 1	 1	 31839	 0.162	 0.018	 0.292
ACLSourceIP         	  136	 	 	 	 	 	 	 	 7	 1	 1	 25.01	 0.000	 7	 1	 1	 25.01	 100.000	 0	 0	 0	 0	 0.000	 0.000	 0.000
ACLStrategised      	  152	 	 	 	 	 	 	 	 6	 1	 1	 25.01	 0.000	 6	 1	 1	 25.01	 100.000	 0	 0	 0	 0	 0.000	 0.000	 0.000
cbdata BodyPipe (39)	  152	 	 	 	 	 	 	 	 6	 1	 1	 21.10	 0.000	 0	 0	 1	 21.10	 0.000	 6	 1	 1	 2462	 0.013	 0.006	 0.024
ACLStrategised      	  152	 	 	 	 	 	 	 	 5	 1	 1	 25.01	 0.000	 5	 1	 1	 25.01	 100.000	 0	 0	 0	 0	 0.000	 0.000	 0.000
ACLARP              	  144	 	 	 	 	 	 	 	 5	 1	 1	 25.01	 0.000	 5	 1	 1	 25.01	 100.000	 0	 0	 0	 0	 0.000	 0.000	 0.000
FwdServer           	   24	 	 	 	 	 	 	 	 27	 1	 1	 1.81	 0.000	 0	 0	 1	 1.81	 0.000	 27	 1	 1	 70187	 0.356	 0.029	 0.617
fqdncache_entry     	  160	 	 	 	 	 	 	 	 4	 1	 1	 25.01	 0.000	 3	 1	 1	 25.01	 75.000	 1	 1	 1	 0	 0.000	 0.000	 0.000
cbdata CbDataList (2)	   40	 	 	 	 	 	 	 	 12	 1	 1	 25.01	 0.000	 12	 1	 1	 25.01	 100.000	 0	 0	 0	 0	 0.000	 0.000	 0.000
cbdata ACLFilledChecklist (21)	  408	 	 	 	 	 	 	 	 1	 1	 1	 25.01	 0.000	 1	 1	 1	 25.01	 100.000	 0	 0	 1	 78573	 0.399	 0.551	 0.687
cbdata CbDataList (1)	   40	 	 	 	 	 	 	 	 10	 1	 1	 25.01	 0.000	 10	 1	 1	 25.01	 100.000	 0	 0	 0	 0	 0.000	 0.000	 0.000
cbdata PortCfg (5)  	  344	 	 	 	 	 	 	 	 1	 1	 1	 25.01	 0.000	 1	 1	 1	 25.01	 100.000	 0	 0	 0	 0	 0.000	 0.000	 0.000
cbdata RemovalPolicy (6)	  104	 	 	 	 	 	 	 	 3	 1	 1	 25.01	 0.000	 3	 1	 1	 25.01	 100.000	 0	 0	 0	 0	 0.000	 0.000	 0.000
ACLStrategised      	  152	 	 	 	 	 	 	 	 2	 1	 1	 25.01	 0.000	 2	 1	 1	 25.01	 100.000	 0	 0	 0	 0	 0.000	 0.000	 0.000
ACLStrategised      	  152	 	 	 	 	 	 	 	 2	 1	 1	 25.01	 0.000	 2	 1	 1	 25.01	 100.000	 0	 0	 0	 0	 0.000	 0.000	 0.000
Acl::NotNode        	  152	 	 	 	 	 	 	 	 2	 1	 1	 25.01	 0.000	 2	 1	 1	 25.01	 100.000	 0	 0	 0	 0	 0.000	 0.000	 0.000
ACLRegexData        	   16	 	 	 	 	 	 	 	 18	 1	 1	 25.01	 0.000	 18	 1	 1	 25.01	 100.000	 0	 0	 0	 0	 0.000	 0.000	 0.000
RegexList           	   56	 	 	 	 	 	 	 	 5	 1	 1	 25.01	 0.000	 5	 1	 1	 25.01	 100.000	 0	 0	 0	 0	 0.000	 0.000	 0.000
ACLCertificateData  	   80	 	 	 	 	 	 	 	 3	 1	 1	 25.01	 0.000	 3	 1	 1	 25.01	 100.000	 0	 0	 0	 0	 0.000	 0.000	 0.000
cbdata ErrorState (40)	  240	 	 	 	 	 	 	 	 1	 1	 1	 24.98	 0.000	 0	 0	 1	 24.98	 0.000	 1	 1	 1	 297	 0.002	 0.001	 0.003
cbdata StoreSearchHashIndex (34)	  104	 	 	 	 	 	 	 	 2	 1	 1	 25.01	 0.000	 1	 1	 1	 25.01	 50.000	 1	 1	 1	 25	 0.000	 0.000	 0.000
cbdata ClientRequestContext (20)	  104	 	 	 	 	 	 	 	 2	 1	 1	 23.14	 0.000	 0	 0	 1	 23.14	 0.000	 2	 1	 1	 78572	 0.399	 0.140	 0.687
cbdata IoResult (38)	   40	 	 	 	 	 	 	 	 5	 1	 1	 20.41	 0.000	 0	 0	 1	 20.41	 0.000	 5	 1	 1	 9163	 0.047	 0.006	 0.088
cbdata CbDataList (3)	   64	 	 	 	 	 	 	 	 3	 1	 1	 25.01	 0.000	 3	 1	 1	 25.01	 100.000	 0	 0	 0	 0	 0.000	 0.000	 0.000
cbdata helper (7)   	  168	 	 	 	 	 	 	 	 1	 1	 1	 25.01	 0.000	 1	 1	 1	 25.01	 100.000	 0	 0	 0	 0	 0.000	 0.000	 0.000
UFSStoreState::_queued_read	   40	 	 	 	 	 	 	 	 4	 1	 1	 20.90	 0.000	 0	 0	 1	 20.90	 0.000	 4	 1	 1	 159	 0.001	 0.000	 0.001
ACLDestinationIP    	  136	 	 	 	 	 	 	 	 1	 1	 1	 25.01	 0.000	 1	 1	 1	 25.01	 100.000	 0	 0	 0	 0	 0.000	 0.000	 0.000
ACLSslErrorData     	   16	 	 	 	 	 	 	 	 6	 1	 1	 25.01	 0.000	 6	 1	 1	 25.01	 100.000	 0	 0	 0	 0	 0.000	 0.000	 0.000
cbdata TcpAcceptor (14)	   96	 	 	 	 	 	 	 	 1	 1	 1	 25.01	 0.000	 1	 1	 1	 25.01	 100.000	 0	 0	 0	 0	 0.000	 0.000	 0.000
HttpHdrContRange    	   24	 	 	 	 	 	 	 	 4	 1	 1	 3.11	 0.000	 0	 0	 1	 3.11	 0.000	 4	 1	 1	 2682	 0.014	 0.001	 0.035
ACLHTTPHeaderData   	   48	 	 	 	 	 	 	 	 2	 1	 1	 25.01	 0.000	 2	 1	 1	 25.01	 100.000	 0	 0	 0	 0	 0.000	 0.000	 0.000
ACLDomainData       	   16	 	 	 	 	 	 	 	 5	 1	 1	 25.01	 0.000	 5	 1	 1	 25.01	 100.000	 0	 0	 0	 0	 0.000	 0.000	 0.000
ACLStringData       	   16	 	 	 	 	 	 	 	 5	 1	 1	 25.01	 0.000	 5	 1	 1	 25.01	 100.000	 0	 0	 0	 0	 0.000	 0.000	 0.000
StoreSwapLogData    	   72	 	 	 	 	 	 	 	 1	 1	 1	 25.01	 0.000	 0	 0	 1	 25.01	 0.000	 1	 1	 1	 334805	 1.700	 0.414	 0.241
cbdata RemovalPurgeWalker (35)	   72	 	 	 	 	 	 	 	 1	 1	 1	 25.01	 0.000	 0	 0	 1	 25.01	 0.000	 1	 1	 1	 179869	 0.913	 0.223	 1.998
ACLUserData         	   24	 	 	 	 	 	 	 	 3	 1	 1	 25.01	 0.000	 3	 1	 1	 25.01	 100.000	 0	 0	 0	 0	 0.000	 0.000	 0.000
ACLMethodData       	   16	 	 	 	 	 	 	 	 3	 1	 1	 25.01	 0.000	 3	 1	 1	 25.01	 100.000	 0	 0	 0	 0	 0.000	 0.000	 0.000
dwrite_q            	   48	 	 	 	 	 	 	 	 1	 1	 1	 25.01	 0.000	 0	 0	 1	 25.01	 0.000	 1	 1	 1	 545038	 2.768	 0.450	 2.489
ACLNoteData         	   40	 	 	 	 	 	 	 	 1	 1	 1	 25.01	 0.000	 1	 1	 1	 25.01	 100.000	 0	 0	 0	 0	 0.000	 0.000	 0.000
cbdata IoResult (41)	   40	 	 	 	 	 	 	 	 1	 1	 1	 24.96	 0.000	 0	 0	 1	 24.96	 0.000	 1	 1	 1	 210230	 1.068	 0.144	 2.248
StoreMetaSTDLFS     	   32	 	 	 	 	 	 	 	 1	 1	 1	 25.01	 0.000	 0	 0	 1	 25.01	 0.000	 1	 1	 1	 29036	 0.147	 0.016	 0.254
ACLHierCodeData     	   32	 	 	 	 	 	 	 	 1	 1	 1	 25.01	 0.000	 1	 1	 1	 25.01	 100.000	 0	 0	 0	 0	 0.000	 0.000	 0.000
StoreMetaMD5        	   32	 	 	 	 	 	 	 	 1	 1	 1	 25.01	 0.000	 0	 0	 1	 25.01	 0.000	 1	 1	 1	 29036	 0.147	 0.016	 0.254
CacheDigest         	   32	 	 	 	 	 	 	 	 1	 1	 1	 25.01	 0.000	 1	 1	 1	 25.01	 100.000	 0	 0	 0	 0	 0.000	 0.000	 0.000
ACLTimeData         	   32	 	 	 	 	 	 	 	 1	 1	 1	 25.01	 0.000	 1	 1	 1	 25.01	 100.000	 0	 0	 0	 0	 0.000	 0.000	 0.000
StoreMetaURL        	   32	 	 	 	 	 	 	 	 1	 1	 1	 25.01	 0.000	 0	 0	 1	 25.01	 0.000	 1	 1	 1	 29036	 0.147	 0.016	 0.254
HttpHdrRange        	   32	 	 	 	 	 	 	 	 1	 1	 1	 24.59	 0.000	 0	 0	 1	 24.59	 0.000	 1	 1	 1	 1348	 0.007	 0.001	 0.018
StoreMetaVary       	   32	 	 	 	 	 	 	 	 1	 1	 1	 24.98	 0.000	 0	 0	 1	 24.98	 0.000	 1	 1	 1	 4125	 0.021	 0.002	 0.033
ACLASN              	   16	 	 	 	 	 	 	 	 2	 1	 1	 25.01	 0.000	 2	 1	 1	 25.01	 100.000	 0	 0	 0	 0	 0.000	 0.000	 0.000
StoreMetaObjSize    	   32	 	 	 	 	 	 	 	 1	 1	 1	 25.01	 0.000	 0	 0	 1	 25.01	 0.000	 1	 1	 1	 29036	 0.147	 0.016	 0.254
dlink_node          	   24	 	 	 	 	 	 	 	 1	 1	 1	 24.99	 0.000	 0	 0	 1	 24.99	 0.000	 1	 1	 1	 25	 0.000	 0.000	 0.000
HttpHdrRangeSpec    	   16	 	 	 	 	 	 	 	 1	 1	 1	 24.59	 0.000	 0	 0	 1	 24.59	 0.000	 1	 1	 1	 1348	 0.007	 0.000	 0.018
ACLProtocolData     	   16	 	 	 	 	 	 	 	 1	 1	 1	 25.01	 0.000	 1	 1	 1	 25.01	 100.000	 0	 0	 0	 0	 0.000	 0.000	 0.000
Total               	    1	 	 	 	 	 	 	 	 1671646	 386287	 386287	 0.00	 100.000	 1667471	 381340	 381499	 0.05	 98.719	 4175	 4948	 5917	 18021673	 91.512	 93.203	 260.304
Cumulative allocated volume: 5.820 GB
Current overhead: 31652 bytes (0.008%)
Total Pools created: 123
Pools ever used:     113 (shown above)
Currently in use:    71
String Pool	 Impact		
 	 (%strings)	 (%volume)
Short Strings       	 98	 93
Medium Strings      	 2	 6
Long Strings        	 0	 1
1KB Strings         	 0	 0
4KB Strings         	 0	 1
16KB Strings        	 0	 0
Other Strings       	 0	 0

Large buffers: 0 (0 KB)
